<?xml version="1.0" encoding="UTF-8"?>
<map version="1.0" orientation="orthogonal" width="32" height="32" tilewidth="32" tileheight="32">
 <tileset firstgid="1" name="tips" tilewidth="32" tileheight="32" spacing="2" margin="2">
  <image source="tips.png" width="104" height="70"/>
 </tileset>
 <layer name="ヨーロッパ" width="51" height="44">
  <data encoding="csv">
1,1,1,1,1,1,1,1,1,1,1,1,2,2,2,2,2,2,2,2,2,2,2,2,2,2,2,2,2,2,2,2,2,2,2,2,2,2,2,2,2,2,2,2,2,2,2,2,2,2,2,
1,6,5,5,3,5,6,5,6,5,6,1,2,2,2,2,2,2,2,2,2,2,2,2,2,2,2,2,2,2,2,2,2,2,2,2,2,2,2,2,2,2,2,2,2,2,2,2,2,2,2,
1,4,1,1,4,1,1,1,1,1,4,1,2,2,2,2,2,2,2,2,2,2,2,2,2,2,2,2,2,2,2,2,2,2,2,2,2,2,2,2,2,2,2,2,2,2,2,2,2,2,2,
1,6,1,1,4,1,1,1,1,1,3,5,5,6,1,2,2,2,2,2,2,2,2,2,2,2,2,2,2,2,2,2,2,2,2,2,2,2,2,2,2,2,2,2,2,2,2,2,1,1,1,
1,4,1,1,6,5,5,6,1,1,4,1,1,4,1,2,2,2,2,2,2,2,2,2,2,2,2,2,2,2,2,2,2,2,2,2,2,2,2,2,2,2,2,2,2,2,2,1,1,1,1,
1,6,1,1,1,1,1,4,1,1,6,1,1,4,1,2,2,2,2,2,2,2,2,2,2,2,2,2,2,2,2,2,2,2,2,2,2,2,2,2,2,2,1,1,1,1,1,1,1,1,1,
1,4,1,1,1,1,1,6,1,1,4,1,1,4,1,2,2,2,2,2,2,2,2,2,2,2,2,2,2,2,2,2,2,2,2,2,1,1,2,2,2,1,1,1,1,1,1,1,1,1,1,
1,3,1,1,1,1,1,4,1,1,6,1,1,6,1,2,2,2,2,2,2,2,2,2,2,2,2,2,2,2,2,2,2,2,2,1,1,1,1,2,2,1,6,5,5,5,5,3,1,1,1,
1,4,1,1,1,1,1,4,1,1,4,1,1,4,1,2,2,2,2,2,2,2,2,2,2,2,2,1,1,1,1,2,2,2,2,1,1,1,1,1,1,1,4,1,1,1,1,4,1,1,1,
1,6,5,6,5,6,5,3,5,5,6,2,1,4,1,2,2,2,2,2,2,2,2,2,2,2,1,1,1,2,2,2,2,2,2,1,1,1,1,1,1,1,4,1,1,1,1,4,1,1,1,
1,1,1,1,1,1,1,4,1,1,1,2,1,6,1,1,1,2,2,2,2,2,2,2,2,1,1,1,1,2,2,2,2,2,1,1,1,1,6,5,5,5,6,1,1,1,1,4,1,1,1,
1,1,1,1,6,5,5,6,1,1,1,2,2,4,2,2,2,2,2,2,2,2,2,1,1,1,1,1,1,1,2,2,2,2,1,1,1,1,4,1,1,1,1,1,1,1,1,6,1,1,1,
1,1,1,1,4,1,1,1,1,1,1,1,1,4,1,1,1,1,2,2,2,2,2,1,1,1,1,1,1,1,1,1,1,2,2,1,1,1,4,1,1,1,1,1,1,1,1,4,1,1,1,
1,1,1,1,6,1,1,1,6,5,5,6,5,3,5,5,5,6,5,5,5,6,5,5,6,5,5,3,5,6,5,5,6,1,2,1,1,1,3,5,5,6,1,1,1,1,1,4,1,1,1,
1,1,1,1,4,1,1,1,4,1,1,1,1,1,1,1,1,1,2,2,2,2,2,1,1,1,1,4,1,1,1,1,4,1,2,2,1,1,4,1,1,4,1,1,1,1,1,4,1,1,1,
1,6,5,5,3,5,5,5,6,1,1,1,1,1,1,1,1,1,2,2,1,1,2,2,1,1,1,4,1,1,1,1,4,1,1,2,2,2,4,2,2,4,2,2,1,1,1,6,1,1,1,
1,4,1,1,4,1,1,1,1,1,1,2,2,2,1,1,1,2,2,1,1,1,1,2,2,1,1,4,1,1,1,1,4,1,1,1,1,1,4,1,1,6,1,2,2,1,1,4,1,1,1,
1,4,1,1,4,1,1,2,2,2,2,2,2,2,2,2,2,2,1,1,6,5,5,5,6,5,5,6,1,1,1,1,6,1,1,6,5,5,6,1,1,4,1,1,2,2,1,4,1,1,1,
2,4,2,2,6,5,5,6,2,2,2,2,2,2,2,2,2,2,1,1,4,1,1,2,2,1,1,1,1,1,1,1,4,1,1,4,1,1,1,1,1,4,1,1,1,2,2,4,1,1,1,
2,6,2,2,2,2,2,4,2,2,2,2,2,2,1,1,1,1,1,1,4,1,1,1,2,2,1,1,1,1,1,1,4,1,1,4,1,1,1,1,1,6,5,3,5,5,5,6,1,1,1,
2,4,2,2,2,2,2,6,2,2,2,2,2,1,1,6,5,5,5,5,3,5,5,6,5,5,6,5,5,6,5,5,3,5,5,6,1,1,1,1,1,1,1,4,1,1,2,1,1,1,1,
2,4,2,2,2,2,1,4,1,1,2,2,2,1,1,4,1,1,1,1,4,1,1,1,2,2,1,1,1,1,1,1,4,1,1,1,1,1,1,1,1,1,1,4,1,1,2,1,1,1,1,
1,4,1,2,2,1,1,4,1,1,1,1,1,1,1,4,1,1,1,1,6,1,1,1,2,2,2,1,1,1,1,1,4,1,1,1,1,1,1,1,1,1,1,4,1,1,2,2,1,1,1,
1,6,1,2,2,1,1,3,5,5,5,6,5,5,5,6,1,1,1,1,4,1,1,1,1,2,2,2,2,2,2,1,6,5,5,6,1,1,1,1,6,5,5,6,1,1,1,2,1,1,1,
1,4,1,1,2,2,1,4,1,1,1,1,1,1,1,1,1,1,1,1,4,1,1,1,1,1,1,1,1,2,2,1,1,1,1,4,1,1,1,1,4,1,1,1,1,1,1,2,1,1,1,
1,4,1,1,2,2,1,6,5,5,5,6,5,5,6,1,1,1,1,1,6,5,5,5,5,5,6,1,1,1,2,2,1,1,1,4,1,1,1,1,4,1,1,1,1,1,1,2,1,1,1,
1,4,1,1,1,2,2,1,1,1,1,1,1,1,4,1,1,1,1,1,1,1,1,1,1,1,4,1,1,1,1,2,1,1,1,6,1,1,1,1,4,1,1,1,1,1,1,2,1,1,1,
1,3,5,5,6,1,2,2,2,1,1,1,1,1,4,1,1,1,1,1,1,1,1,1,1,1,4,1,1,1,1,2,2,1,1,4,1,1,1,1,4,1,1,1,1,1,1,2,2,1,1,
1,4,1,1,4,1,1,1,2,2,1,6,5,5,3,5,5,6,5,5,6,5,5,6,5,5,3,5,6,5,6,5,6,5,5,3,5,5,5,5,6,1,1,1,1,1,1,1,2,2,2,
1,4,1,1,4,1,1,1,1,2,1,4,1,1,4,1,1,1,1,1,1,1,1,1,1,1,4,1,1,1,1,1,2,1,1,4,1,1,1,1,1,1,1,1,1,1,1,1,1,1,1,
1,6,1,1,6,1,1,6,5,5,5,6,1,1,4,1,1,1,1,1,1,1,1,1,1,1,4,1,1,1,1,1,2,2,1,4,1,1,1,1,1,1,1,1,1,1,1,1,1,1,1,
1,4,1,1,4,1,1,4,1,2,1,1,1,1,4,1,1,1,1,1,1,1,1,1,1,1,4,1,1,1,1,1,1,2,1,4,1,1,1,1,1,1,1,1,1,1,1,1,1,1,1,
1,4,1,1,4,1,1,4,1,2,2,2,1,1,6,1,1,1,1,1,1,1,1,1,1,1,6,1,1,1,1,1,1,2,1,4,1,1,1,1,1,1,1,1,1,1,1,1,1,1,1,
1,4,1,1,6,5,5,3,5,5,6,2,2,1,4,1,1,1,1,1,1,1,1,1,1,1,4,1,1,1,1,1,1,2,1,6,5,5,5,6,5,5,5,6,5,5,3,5,5,6,1,
1,6,1,1,1,1,1,4,1,1,4,1,2,1,4,1,1,1,1,1,1,1,1,1,1,1,4,1,1,1,1,1,1,2,1,1,1,1,1,1,1,1,1,1,1,1,4,1,1,4,1,
1,4,1,1,1,1,1,4,1,1,4,1,2,1,6,1,1,1,1,1,1,1,1,1,1,1,6,1,1,1,1,1,2,2,1,1,1,1,1,1,1,1,1,1,1,1,4,1,1,4,1,
1,4,1,1,1,1,1,6,1,1,4,1,2,1,4,1,1,1,1,1,1,1,1,1,1,1,4,1,1,1,1,2,2,1,1,1,1,1,1,1,1,1,6,5,6,5,6,1,1,6,1,
1,6,1,1,1,1,1,4,1,1,6,1,2,1,4,1,1,1,1,1,1,1,1,1,1,1,4,1,1,1,1,2,1,1,1,1,1,1,1,1,1,1,4,1,1,1,1,1,1,4,1,
1,4,1,1,1,1,1,4,1,1,4,1,2,1,6,1,1,1,1,1,1,1,1,1,1,1,6,1,1,1,1,2,1,1,1,1,1,1,1,1,1,1,4,1,1,1,1,1,1,4,1,
1,4,1,1,1,1,1,4,1,2,4,2,2,1,4,1,1,1,1,1,1,1,1,1,1,1,4,1,1,1,1,2,1,1,1,1,1,1,1,1,6,5,3,5,6,1,1,1,1,6,1,
1,3,5,5,6,5,5,6,2,2,4,1,2,2,4,1,1,1,1,1,1,1,1,1,1,1,4,1,1,1,1,2,1,1,1,1,1,1,1,1,4,1,1,1,4,1,1,1,1,4,1,
1,1,1,1,1,1,1,2,2,1,6,5,5,5,3,5,5,6,5,5,6,5,5,6,5,5,3,5,6,5,6,5,6,5,5,3,5,5,6,5,6,1,1,1,4,1,1,1,1,4,1,
1,1,1,1,1,2,2,2,1,1,1,1,1,2,1,1,1,1,1,1,1,1,1,1,1,1,1,1,1,1,1,2,1,1,1,1,1,1,1,1,1,1,1,1,6,5,6,5,5,3,1,
1,1,1,1,2,2,1,1,1,1,1,1,1,2,1,1,1,1,1,1,1,1,1,1,1,1,1,1,1,1,1,2,1,1,1,1,1,1,1,1,1,1,1,1,1,1,1,1,1,1,1
</data>
 </layer>
</map>
